2.804
0
0
10,10,10,10,10,12,12,12,12,12,9,9,9,9,5,5,5,5,5,13,13,13,13,13
6.175
0
0
19,19,19,19,19,19,19,19,13,13,13,13,13,13,13,13,13,13,13,13,13,13,13,13
1.231
0
0
19,19,19,19,16,16,16,16,16,16,16,16,16,16,16,19,19,19,19,19,19,19,19,19
4.644
0
0
19,15,15,15,15,15,15,15,15,15,19,19,19,19,19,19,19,19,19,19,18,18,18,18
1.784
0
0
13,13,13,13,13,13,13,13,13,13,13,13,13,13,13,13,13,13,13,13,13,13,13,13
1.019
0
0
13,13,13,13,13,13,13,13,13,13,13,13,13,13,13,13,13,13,13,13,13,13,13,13
1.02
0
0
13,13,13,13,13,13,13,13,13,13,13,13,13,13,13,13,13,13,13,13,13,13,13,13
1.601
0
0
13,13,13,13,13,13,13,13,13,13,13,13,13,13,13,13,13,13,13,13,13,13,13,13